           init_tokenizer  load_weights  init_kv_cache  capture_model  init_model  total_load_time  diff_total_time_in_file  runtime_time
Model                                                                                                                                    
Falcon-7B        3.655429     21.039297      16.143406      31.714037   27.447832         3.305139                 0.001002      0.819518
Llama-13B       11.580265     25.769193      12.465084      32.156235   18.029223         4.850148                 0.000998      0.832163
Llama-7B        14.832774     16.867802      17.936810      27.147926   23.214688         3.854788                 0.001002      0.969576
Qwen-0.5B        9.257007      2.808359      22.075828      23.967858   41.890948         2.329403                 0.001987      0.876736
Qwen-1.8B        9.207186      7.904675      20.116807      25.787902   36.983429         2.331190                 0.001971      1.095120
Qwen-14B         4.458693     27.802669      17.261289      32.192221   18.285128         4.888563                 0.002001      0.767037
Qwen-4B          7.187600     12.632631      18.877837      30.106125   31.195807         3.017210                 0.001971      0.845742
Qwen-7B          6.226126     21.090108      18.040818      29.566117   25.076831         3.530494                 0.000998      1.107001
Yi-6B            5.297218     18.566915      19.719517      28.968109   27.448240         3.153561                 0.000996      0.761190
Yi-9B            4.160653     21.327194      18.574358      33.312801   22.624994         3.992138                 0.000994      0.910241
